bin_lo_us,bin_hi_us,count
0,1,0
1,2,1423
2,3,8151
3,4,15965
4,5,24075
5,6,32435
6,7,36191
7,8,39953
8,9,43852
9,10,47499
10,11,51002
11,12,53611
12,13,55501
13,14,56735
14,15,57132
15,16,57173
16,17,57108
17,18,57156
18,19,57155
19,20,57107
20,21,56953
21,22,57076
22,23,57241
23,24,57002
24,25,57131
25,26,56986
26,27,57027
27,28,57071
28,29,56996
29,30,57038
30,31,57055
31,32,56790
32,33,57001
33,34,57011
34,35,56992
35,36,57008
36,37,56898
37,38,56887
38,39,56810
39,40,56945
40,41,56825
41,42,56867
42,43,56818
43,44,56978
44,45,56743
45,46,56886
46,47,56688
47,48,56731
48,49,56555
49,50,56838
50,51,56622
51,52,56696
52,53,56556
53,54,56688
54,55,56548
55,56,56519
56,57,56590
57,58,56528
58,59,56475
59,60,56295
60,61,56359
61,62,56202
62,63,56281
63,64,56095
64,65,56033
65,66,55980
66,67,55801
67,68,55538
68,69,55315
69,70,55176
70,71,54514
71,72,53972
72,73,52962
73,74,51424
74,75,49079
75,76,45814
76,77,41813
77,78,37011
78,79,32001
79,80,26783
80,81,22237
81,82,18347
82,83,14923
83,84,11921
84,85,9461
85,86,7663
86,87,6059
87,88,4814
88,89,3609
89,90,2752
90,91,1928
91,92,1350
92,93,967
93,94,627
94,95,401
95,96,261
96,97,117
97,98,69
98,99,42
99,100,8
100,101,7
101,102,0
102,103,0
103,104,0
104,105,0
105,106,0
106,107,0
107,108,0
108,109,0
109,110,0
110,111,0
111,112,0
112,113,0
113,114,0
114,115,0
115,116,0
116,117,0
117,118,0
118,119,0
119,120,0
120,121,0
121,122,0
122,123,0
123,124,0
124,125,0
125,126,0
126,127,0
127,128,0
128,129,0
129,130,0
130,131,0
131,132,0
132,133,0
133,134,0
134,135,0
135,136,0
136,137,0
137,138,0
138,139,0
139,140,0
140,141,0
141,142,0
142,143,0
143,144,0
144,145,0
145,146,0
146,147,0
147,148,0
148,149,0
149,150,0
150,151,0
151,152,0
152,153,0
153,154,0
154,155,0
155,156,0
156,157,0
157,158,0
158,159,0
159,160,0
160,161,0
161,162,0
162,163,0
163,164,0
164,165,0
165,166,0
166,167,0
167,168,0
168,169,0
169,170,0
170,171,0
171,172,0
172,173,0
173,174,0
174,175,0
175,176,0
176,177,0
177,178,0
178,179,0
179,180,0
180,181,0
181,182,0
182,183,0
183,184,0
184,185,0
185,186,0
186,187,0
187,188,0
188,189,0
189,190,0
190,191,0
191,192,0
192,193,0
193,194,0
194,195,0
195,196,0
196,197,0
197,198,0
198,199,0
199,200,0
