bin_lo_us,bin_hi_us,count
0,1,0
1,2,155
2,3,3665
3,4,9433
4,5,16151
5,6,23095
6,7,25671
7,8,26603
8,9,26998
9,10,27384
10,11,27690
11,12,28007
12,13,27938
13,14,27971
14,15,27791
15,16,27642
16,17,26983
17,18,26083
18,19,24848
19,20,23345
20,21,21621
21,22,19897
22,23,18235
23,24,16849
24,25,15541
25,26,14562
26,27,13629
27,28,12702
28,29,11931
29,30,11182
30,31,10456
31,32,9981
32,33,9385
33,34,8903
34,35,8486
35,36,7930
36,37,7602
37,38,7364
38,39,7107
39,40,6929
40,41,6662
41,42,6533
42,43,6268
43,44,6085
44,45,5937
45,46,5701
46,47,5456
47,48,5165
48,49,4885
49,50,4529
50,51,4307
51,52,4138
52,53,3963
53,54,3913
54,55,3875
55,56,3776
56,57,3515
57,58,3368
58,59,3294
59,60,3238
60,61,3308
61,62,3282
62,63,3199
63,64,3131
64,65,3035
65,66,2992
66,67,3027
67,68,2987
68,69,3034
69,70,2913
70,71,2851
71,72,2808
72,73,2790
73,74,2761
74,75,2726
75,76,2711
76,77,2648
77,78,2561
78,79,2566
79,80,2482
80,81,2507
81,82,2414
82,83,2340
83,84,2351
84,85,2267
85,86,2293
86,87,2190
87,88,2122
88,89,2127
89,90,2075
90,91,2050
91,92,1972
92,93,1907
93,94,1906
94,95,1855
95,96,1798
96,97,1788
97,98,1723
98,99,1695
99,100,1645
100,101,1626
101,102,1589
102,103,1524
103,104,1509
104,105,1527
105,106,1468
106,107,1432
107,108,1429
108,109,1406
109,110,1361
110,111,1339
111,112,1304
112,113,1274
113,114,1268
114,115,1245
115,116,1217
116,117,1217
117,118,1194
118,119,1192
119,120,1149
120,121,1179
121,122,1157
122,123,1141
123,124,1143
124,125,1111
125,126,1104
126,127,1065
127,128,1062
128,129,1071
129,130,1054
130,131,1047
131,132,1029
132,133,1023
133,134,1012
134,135,988
135,136,965
136,137,966
137,138,945
138,139,956
139,140,952
140,141,918
141,142,912
142,143,922
143,144,886
144,145,883
145,146,889
146,147,878
147,148,873
148,149,853
149,150,852
150,151,823
151,152,841
152,153,830
153,154,814
154,155,807
155,156,792
156,157,813
157,158,774
158,159,785
159,160,772
160,161,772
161,162,767
162,163,750
163,164,758
164,165,744
165,166,731
166,167,736
167,168,710
168,169,704
169,170,711
170,171,714
171,172,688
172,173,680
173,174,666
174,175,668
175,176,637
176,177,632
177,178,621
178,179,633
179,180,612
180,181,612
181,182,602
182,183,602
183,184,598
184,185,602
185,186,597
186,187,569
187,188,567
188,189,574
189,190,565
190,191,562
191,192,568
192,193,561
193,194,553
194,195,557
195,196,538
196,197,541
197,198,550
198,199,545
199,200,97432
