bin_lo_us,bin_hi_us,count
0,1,0
1,2,0
2,3,11271
3,4,17424
4,5,22211
5,6,26825
6,7,28488
7,8,28192
8,9,27645
9,10,27730
10,11,27483
11,12,26387
12,13,25664
13,14,24978
14,15,23551
15,16,21616
16,17,20504
17,18,19663
18,19,17751
19,20,15759
20,21,14543
21,22,13364
22,23,12278
23,24,11456
24,25,10678
25,26,9967
26,27,9378
27,28,8942
28,29,8464
29,30,8206
30,31,7877
31,32,7512
32,33,7288
33,34,6939
34,35,6740
35,36,6475
36,37,6348
37,38,6118
38,39,5978
39,40,5827
40,41,5613
41,42,5452
42,43,5228
43,44,5071
44,45,4949
45,46,4836
46,47,4709
47,48,4501
48,49,4406
49,50,4293
50,51,4163
51,52,4121
52,53,4058
53,54,3922
54,55,3853
55,56,3796
56,57,3704
57,58,3620
58,59,3559
59,60,3523
60,61,3453
61,62,3339
62,63,3209
63,64,3212
64,65,3156
65,66,3054
66,67,3046
67,68,3001
68,69,2936
69,70,2915
70,71,2884
71,72,2826
72,73,2807
73,74,2710
74,75,2689
75,76,2625
76,77,2600
77,78,2535
78,79,2464
79,80,2456
80,81,2435
81,82,2409
82,83,2344
83,84,2316
84,85,2296
85,86,2254
86,87,2198
87,88,2183
88,89,2201
89,90,2113
90,91,2119
91,92,2080
92,93,2046
93,94,1991
94,95,1988
95,96,2009
96,97,1947
97,98,1943
98,99,1875
99,100,1882
100,101,1837
101,102,1829
102,103,1788
103,104,1772
104,105,1746
105,106,1702
106,107,1722
107,108,1653
108,109,1692
109,110,1683
110,111,1623
111,112,1622
112,113,1652
113,114,1584
114,115,1570
115,116,1569
116,117,1541
117,118,1522
118,119,1481
119,120,1492
120,121,1482
121,122,1453
122,123,1469
123,124,1421
124,125,1389
125,126,1406
126,127,1393
127,128,1352
128,129,1339
129,130,1359
130,131,1310
131,132,1317
132,133,1306
133,134,1311
134,135,1320
135,136,1328
136,137,1281
137,138,1271
138,139,1222
139,140,1201
140,141,1217
141,142,1197
142,143,1223
143,144,1204
144,145,1179
145,146,1165
146,147,1157
147,148,1127
148,149,1118
149,150,1118
150,151,1131
151,152,1130
152,153,1107
153,154,1085
154,155,1120
155,156,1104
156,157,1108
157,158,1077
158,159,1076
159,160,1045
160,161,1039
161,162,1047
162,163,1006
163,164,1003
164,165,1017
165,166,989
166,167,965
167,168,937
168,169,922
169,170,949
170,171,927
171,172,918
172,173,917
173,174,915
174,175,905
175,176,889
176,177,933
177,178,900
178,179,903
179,180,885
180,181,872
181,182,886
182,183,868
183,184,870
184,185,865
185,186,867
186,187,845
187,188,845
188,189,830
189,190,816
190,191,800
191,192,811
192,193,794
193,194,802
194,195,788
195,196,812
196,197,793
197,198,778
198,199,775
199,200,155752
