bin_lo_us,bin_hi_us,count
0,1,0
1,2,1057
2,3,6965
3,4,14835
4,5,23804
5,6,32717
6,7,37384
7,8,41546
8,9,45375
9,10,49309
10,11,52549
11,12,54498
12,13,56116
13,14,56690
14,15,56921
15,16,56899
16,17,56816
17,18,56795
18,19,56675
19,20,56660
20,21,56598
21,22,56692
22,23,56583
23,24,56478
24,25,56223
25,26,56299
26,27,55986
27,28,55626
28,29,54975
29,30,53873
30,31,52099
31,32,49690
32,33,47028
33,34,43706
34,35,40458
35,36,37193
36,37,34161
37,38,30844
38,39,28046
39,40,25439
40,41,23138
41,42,21017
42,43,18982
43,44,17561
44,45,16163
45,46,14927
46,47,13724
47,48,12595
48,49,11591
49,50,10658
50,51,9861
51,52,9036
52,53,8184
53,54,7695
54,55,7286
55,56,6912
56,57,6688
57,58,6375
58,59,6256
59,60,5973
60,61,5682
61,62,5446
62,63,5164
63,64,4830
64,65,4561
65,66,4187
66,67,3859
67,68,3633
68,69,3286
69,70,3037
70,71,2714
71,72,2518
72,73,2331
73,74,2143
74,75,2054
75,76,1887
76,77,1881
77,78,1710
78,79,1663
79,80,1548
80,81,1461
81,82,1387
82,83,1347
83,84,1302
84,85,1219
85,86,1165
86,87,1149
87,88,1058
88,89,1057
89,90,984
90,91,923
91,92,885
92,93,890
93,94,823
94,95,822
95,96,789
96,97,739
97,98,693
98,99,687
99,100,637
100,101,624
101,102,575
102,103,557
103,104,556
104,105,511
105,106,524
106,107,502
107,108,473
108,109,478
109,110,477
110,111,401
111,112,410
112,113,408
113,114,395
114,115,385
115,116,376
116,117,376
117,118,384
118,119,352
119,120,357
120,121,341
121,122,326
122,123,299
123,124,266
124,125,261
125,126,271
126,127,227
127,128,221
128,129,213
129,130,221
130,131,225
131,132,232
132,133,224
133,134,230
134,135,204
135,136,201
136,137,182
137,138,180
138,139,185
139,140,171
140,141,136
141,142,134
142,143,116
143,144,139
144,145,128
145,146,121
146,147,115
147,148,131
148,149,128
149,150,133
150,151,112
151,152,122
152,153,126
153,154,130
154,155,112
155,156,121
156,157,110
157,158,101
158,159,103
159,160,67
160,161,79
161,162,52
162,163,66
163,164,62
164,165,43
165,166,19
166,167,22
167,168,13
168,169,20
169,170,12
170,171,14
171,172,11
172,173,12
173,174,17
174,175,14
175,176,15
176,177,10
177,178,19
178,179,12
179,180,12
180,181,20
181,182,9
182,183,13
183,184,12
184,185,3
185,186,4
186,187,0
187,188,0
188,189,0
189,190,0
190,191,0
191,192,0
192,193,0
193,194,0
194,195,0
195,196,0
196,197,0
197,198,0
198,199,0
199,200,0
