bin_lo_us,bin_hi_us,count
0,1,0
1,2,92
2,3,2264
3,4,6683
4,5,12028
5,6,17384
6,7,21475
7,8,24735
8,9,26910
9,10,28144
10,11,28588
11,12,28513
12,13,28547
13,14,28557
14,15,28535
15,16,28495
16,17,28571
17,18,28393
18,19,28537
19,20,28470
20,21,28377
21,22,28441
22,23,28430
23,24,28420
24,25,28341
25,26,28402
26,27,28234
27,28,28256
28,29,28127
29,30,28045
30,31,27594
31,32,27247
32,33,26623
33,34,25996
34,35,25334
35,36,24560
36,37,23565
37,38,22691
38,39,21675
39,40,20760
40,41,20034
41,42,19092
42,43,18355
43,44,17605
44,45,16952
45,46,16345
46,47,15839
47,48,15349
48,49,14778
49,50,14328
50,51,13816
51,52,13423
52,53,13064
53,54,12640
54,55,12085
55,56,11797
56,57,11424
57,58,11256
58,59,10899
59,60,10669
60,61,10406
61,62,10239
62,63,10010
63,64,9712
64,65,9632
65,66,9182
66,67,8998
67,68,8678
68,69,8292
69,70,8038
70,71,7759
71,72,7544
72,73,7414
73,74,7313
74,75,7180
75,76,7029
76,77,6899
77,78,6921
78,79,6842
79,80,6761
80,81,6657
81,82,6585
82,83,6508
83,84,6474
84,85,6275
85,86,6300
86,87,6178
87,88,6030
88,89,5935
89,90,5751
90,91,5629
91,92,5455
92,93,5302
93,94,5129
94,95,5061
95,96,4903
96,97,4816
97,98,4792
98,99,4619
99,100,4557
100,101,4449
101,102,4453
102,103,4390
103,104,4272
104,105,4247
105,106,4197
106,107,4061
107,108,4054
108,109,3932
109,110,3903
110,111,3848
111,112,3801
112,113,3766
113,114,3697
114,115,3640
115,116,3616
116,117,3589
117,118,3534
118,119,3497
119,120,3438
120,121,3429
121,122,3417
122,123,3386
123,124,3329
124,125,3351
125,126,3293
126,127,3307
127,128,3245
128,129,3265
129,130,3245
130,131,3158
131,132,3108
132,133,3080
133,134,3172
134,135,3050
135,136,3032
136,137,2973
137,138,3019
138,139,2947
139,140,2841
140,141,2826
141,142,2878
142,143,2833
143,144,2710
144,145,2732
145,146,2707
146,147,2709
147,148,2649
148,149,2578
149,150,2546
150,151,2540
151,152,2553
152,153,2462
153,154,2448
154,155,2371
155,156,2487
156,157,2401
157,158,2305
158,159,2300
159,160,2300
160,161,2361
161,162,2222
162,163,2165
163,164,2214
164,165,2230
165,166,2181
166,167,2126
167,168,2091
168,169,2172
169,170,2146
170,171,2070
171,172,2018
172,173,2033
173,174,2035
174,175,1998
175,176,1921
176,177,1895
177,178,1944
178,179,1879
179,180,1819
180,181,1814
181,182,1856
182,183,1847
183,184,1777
184,185,1808
185,186,1742
186,187,1786
187,188,1712
188,189,1701
189,190,1666
190,191,1732
191,192,1682
192,193,1661
193,194,1688
194,195,1649
195,196,1690
196,197,1584
197,198,1686
198,199,1597
199,200,307994
